Todos
INCLUIDO
EXCLUIDO
INTERESANTE
PENDIENTE
Investigación
Tesis
Artículo
Revisión
Experimental
CATEDRATICO
TECNICO
Ingles
Español
super importante